"year"	"streamflow"	"station"	"nino"	"ivar"
1965	0.551527447089947	1	1.63181500906934	1
1966	0.361340468559219	1	-0.285327393332258	1
1967	0.218978123728124	1	-0.563622258197004	1
1968	0.0371683964183964	1	0.38464172578658	1
1969	0.123748613654864	1	0.700729723883511	1
1970	0.0520222705535205	1	-0.938117813653332	1
1971	0.326919315843621	1	-0.962167994031641	1
1972	0.687990778897029	1	1.81047343739862	1
1973	2.26877692562067	1	-1.86576736320249	1
1974	1.43292175417175	1	-0.71479478081853	1
1975	0.585488006206756	1	-1.56685806390332	1
1976	1.49784652269027	1	0.803801896055641	1
1977	0.0380669006919006	1	0.724779893954602	1
1978	1.06912713675214	1	-0.329991997837774	1
1979	0.255453347578347	1	0.432742076235979	1
1980	0.323963878713879	1	-0.0173397456847221	1
1981	0.0671000457875458	1	-0.106668965002972	1
1982	0.139224028286528	1	2.05784665061172	1
1983	2.61261549908425	1	-0.81786695299066	1
1984	3.30815287952788	1	-0.55331504097979	1
1985	0.144192511192511	1	-0.333427743781654	1
1986	0.199675758744856	1	1.00651049445601	1
1987	0.0369097095034595	1	1.55966448854885	1
1988	0.0820766687016687	1	-1.49814328932671	1
1989	1.49474056267806	1	-0.192562438377342	1
1990	0.181100408343737	1	0.388077461423245	1
1991	0.000149318274318274	1	1.05461084490541	1
1992	0.268066595441595	1	-0.0207754813213876	1
1993	0.0511546347171347	1	0.343412856917729	1
1994	0.0446248728123728	1	1.00651049445601	1
1995	0.0198842978395062	1	-0.766330866904595	1
1996	0.0218488297325103	1	-0.247534260100069	1
1997	0.0398231201668702	1	2.57664325741625	1
1998	0.764367508648759	1	-1.2370271129525	1
1999	0.481956501831502	1	-1.14082642236092	1
2000	0.293751971408221	1	-0.484600256095965	1
2001	0.450776594650206	1	-0.0448256616996964	1
2002	0.0391959071021571	1	1.50812840246278	1
2003	0.0297262731481482	1	0.556428682842531	1
2004	0.46404608007733	1	0.954974408369953	1
2005	0.136564662189662	1	-0.0379541801191474	1
2006	1.06738683127572e-05	1	0.985896060021589	1
2008	0.053551350308642	1	-0.158205051089037	1
2009	0.00246171652421652	1	1.24014075481524	1
2010	1.34287226546602	1	-1.49127180774616	1
2011	0.295470645095645	1	-0.838481387425085	1
2012	0.363873346560847	1	0.477406680741495	1
2013	0.0984342948717949	1	0.0238891231841284	1
2014	0.0640154787342287	1	0.714472676737391	1
1966	0.100855298636549	2	-0.285327393332258	1
1967	0.198825027981278	2	-0.563622258197004	1
1968	0.0422269663207163	2	0.38464172578658	1
1969	2.92869543650793	2	0.700729723883511	1
1970	0.0592746235246236	2	-0.938117813653332	1
1971	0.04214535002035	2	-0.962167994031641	1
1972	0.742896291208791	2	1.81047343739862	1
1973	0.146252849002849	2	-1.86576736320249	1
1974	4.27085987739113	2	-0.71479478081853	1
1975	0.0835199811762311	2	-1.56685806390332	1
1976	0.642009907916158	2	0.803801896055641	1
1977	1.00123661986162	2	0.724779893954602	1
1978	1.15401915445665	2	-0.329991997837774	1
1979	0.0608285256410256	2	0.432742076235979	1
1980	0.00407196275946276	2	-0.0173397456847221	1
1981	0.385942345848596	2	-0.106668965002972	1
1982	0.0173282585470085	2	2.05784665061172	1
1983	0.206797199328449	2	-0.81786695299066	1
1984	0.195271189458689	2	-0.55331504097979	1
1985	0.0660788817663818	2	-0.333427743781654	1
1986	0.134164046601547	2	1.00651049445601	1
1987	0.145047097578348	2	1.55966448854885	1
1988	0.0328376831501832	2	-1.49814328932671	1
1989	0.194971815221815	2	-0.192562438377342	1
1990	0.0652286265432098	2	0.388077461423245	1
1991	0.0498835215710216	2	1.05461084490541	1
1992	0.213723354192104	2	-0.0207754813213876	1
1993	0.790463395400895	2	0.343412856917729	1
1994	0.00589938186813186	2	1.00651049445601	1
1995	0.0458553113553114	2	-0.766330866904595	1
1996	0.115008526234568	2	-0.247534260100069	1
1997	0.00913958842083841	2	2.57664325741625	1
1998	0.184670444139194	2	-1.2370271129525	1
1999	0.448402243589743	2	-1.14082642236092	1
2000	0.970199074074074	2	-0.484600256095965	1
2001	0.0226710482804233	2	-0.0448256616996964	1
2004	0.226755252849003	2	0.954974408369953	1
2005	0.201735056584362	2	-0.0379541801191474	1
2006	0.00283857346357347	2	0.985896060021589	1
2007	0.168237891737892	2	-1.18549102686644	1
2008	0.18112031949532	2	-0.158205051089037	1
2009	0.00174835927960928	2	1.24014075481524	1
2010	0.156404978123728	2	-1.49127180774616	1
2011	0.0731039377289377	2	-0.838481387425085	1
2012	0.0947408170533171	2	0.477406680741495	1
2013	0.0115911426536426	2	0.0238891231841284	1
2014	0.018092032967033	2	0.714472676737391	1
1962	1.78584921906797	3	-0.649515731571371	1
1963	2.43999313186813	3	0.920617021081647	1
1964	3.62882262413512	3	-1.2370271129525	1
1965	1.92695225376475	3	1.63181500906934	1
1966	2.61830223595849	3	-0.285327393332258	1
1967	3.49520173229548	3	-0.563622258197004	1
1968	0.909911439255189	3	0.38464172578658	1
1969	5.38587763278388	3	0.700729723883511	1
1970	1.18565926434676	3	-0.938117813653332	1
1971	3.61050919566544	3	-0.962167994031641	1
1972	21.5797085749898	3	1.81047343739862	1
1973	12.3698695054945	3	-1.86576736320249	1
1974	7.44017742673993	3	-0.71479478081853	1
1975	5.55451493182743	3	-1.56685806390332	1
1976	11.5352588268213	3	0.803801896055641	1
1977	0.354248995217745	3	0.724779893954602	1
1978	7.73349094424094	3	-0.329991997837774	1
1979	0.606198405349794	3	0.432742076235979	1
1980	0.26960333994709	3	-0.0173397456847221	1
1981	0.561558201058201	3	-0.106668965002972	1
1982	1.38573687423687	3	2.05784665061172	1
1983	9.48184994403744	3	-0.81786695299066	1
1984	7.92790611009361	3	-0.55331504097979	1
1985	1.12407010582011	3	-0.333427743781654	1
1986	0.463792836792837	3	1.00651049445601	1
1987	0.795527625152625	3	1.55966448854885	1
1988	1.87456210571836	3	-1.49814328932671	1
1989	7.96169534465021	3	-0.192562438377342	1
1990	1.95008694701646	3	0.388077461423245	1
1991	0.0163043854293854	3	1.05461084490541	1
1992	1.41345662901913	3	-0.0207754813213876	1
1993	0.0595506461131461	3	0.343412856917729	1
1994	0.000557590557590558	3	1.00651049445601	1
1995	1.06394848901099	3	-0.766330866904595	1
1996	0.812908424908425	3	-0.247534260100069	1
1997	2.89987789987789e-05	3	2.57664325741625	1
1998	5.13957909798535	3	-1.2370271129525	1
1999	4.42949858539095	3	-1.14082642236092	1
2000	2.8912939051689	3	-0.484600256095965	1
2001	1.31177973646724	3	-0.0448256616996964	1
2002	0.00415432946682947	3	1.50812840246278	1
2003	0.00541139403292181	3	0.556428682842531	1
2004	0.139504731379731	3	0.954974408369953	1
2005	0.1955567002442	3	-0.0379541801191474	1
2007	0.392508432539682	3	-1.18549102686644	1
2008	1.89279366351241	3	-0.158205051089037	1
2009	0.0286232320919821	3	1.24014075481524	1
2010	30.4616603072853	3	-1.49127180774616	1
2011	1.76114018620269	3	-0.838481387425085	1
2012	1.26977327533578	3	0.477406680741495	1
2013	1.62964181420431	3	0.0238891231841284	1
2014	0.137333167989418	3	0.714472676737391	1
1951	0.19019257973251	4	0.731651375535151	1
1952	0.888749071530322	4	-0.347170696635534	1
1953	0.609582303113553	4	0.415563377438219	1
1954	1.23771503612129	4	-1.24733433016972	1
1955	0.212067862654321	4	-1.92761066650577	1
1956	0.113878497659748	4	-0.862531557496176	1
1957	0.0594034773097273	4	1.00651049445601	1
1958	0.151126984126984	4	0.0170176416035831	1
1959	5.16323051485552	4	-0.46398582166154	1
1960	0.0195146774521775	4	-0.216612608448433	1
1961	2.01660131766382	4	-0.68387312916689	1
1962	0.0511596713471714	4	-0.649515731571371	1
1963	0.511290865384615	4	0.920617021081647	1
1964	0.972055759055758	4	-1.2370271129525	1
1965	1.104224753256	4	1.63181500906934	1
1966	0.997389919108669	4	-0.285327393332258	1
1967	0.525122303622303	4	-0.563622258197004	1
1968	0.0603861797924298	4	0.38464172578658	1
1969	1.40341061253561	4	0.700729723883511	1
1970	0.363596141975309	4	-0.938117813653332	1
1971	0.0666610576923077	4	-0.962167994031641	1
1972	1.77084321581197	4	1.81047343739862	1
1973	1.25561365486365	4	-1.86576736320249	1
1974	1.67217176689052	4	-0.71479478081853	1
1975	1.18415467287342	4	-1.56685806390332	1
1976	0.538385556573056	4	0.803801896055641	1
1977	0.0855658068783069	4	0.724779893954602	1
1978	0.673097298534799	4	-0.329991997837774	1
1979	0.202024763431013	4	0.432742076235979	1
1980	0.145074315730566	4	-0.0173397456847221	1
1981	0.271781962250712	4	-0.106668965002972	1
1982	0.10810451007326	4	2.05784665061172	1
1983	1.64090715303215	4	-0.81786695299066	1
1984	1.11569508038258	4	-0.55331504097979	1
1985	0.379955217236467	4	-0.333427743781654	1
1986	0.469346052096052	4	1.00651049445601	1
1987	0.451313721001221	4	1.55966448854885	1
1988	0.274965547839506	4	-1.49814328932671	1
1989	0.470089362026862	4	-0.192562438377342	1
1990	0.358241096866097	4	0.388077461423245	1
1991	0.0217557743182743	4	1.05461084490541	1
1992	0.131310757529508	4	-0.0207754813213876	1
1993	1.0502372049247	4	0.343412856917729	1
1994	0.158673687423687	4	1.00651049445601	1
1995	0.292116211334961	4	-0.766330866904595	1
1996	0.0622231252543752	4	-0.247534260100069	1
1997	0.260602983821734	4	2.57664325741625	1
1998	1.6910894510582	4	-1.2370271129525	1
1999	1.68396316646317	4	-1.14082642236092	1
2000	1.57793377340252	4	-0.484600256095965	1
2001	0.118971306471307	4	-0.0448256616996964	1
2002	0.110424361518112	4	1.50812840246278	1
2003	0.114279227716728	4	0.556428682842531	1
2004	0.130935057997558	4	0.954974408369953	1
2005	0.372230743793244	4	-0.0379541801191474	1
2006	0.429088560744811	4	0.985896060021589	1
2007	1.38880746336996	4	-1.18549102686644	1
2008	1.33769385938136	4	-0.158205051089037	1
2009	0.151349053724054	4	1.24014075481524	1
2010	4.30863207163207	4	-1.49127180774616	1
2011	0.49070578958079	4	-0.838481387425085	1
2012	0.184304042022792	4	0.477406680741495	1
2013	0.096875724969475	4	0.0238891231841284	1
2014	0.13168792866941	4	0.714472676737391	1
1966	0.458615397334147	5	-0.285327393332258	1
1967	0.496405207061457	5	-0.563622258197004	1
1968	0.10073848951974	5	0.38464172578658	1
1969	0.662927007020757	5	0.700729723883511	1
1970	0.178180841656263	5	-0.938117813653332	1
1971	0.36954608007733	5	-0.962167994031641	1
1972	2.30562375356125	5	1.81047343739862	1
1973	0.832414720695971	5	-1.86576736320249	1
1974	0.566801243894994	5	-0.71479478081853	1
1975	0.834424666768417	5	-1.56685806390332	1
1976	0.469395222832723	5	0.803801896055641	1
1977	0.249826452482703	5	0.724779893954602	1
1978	0.514729891636142	5	-0.329991997837774	1
1979	0.163703334859585	5	0.432742076235979	1
1980	0.15533312983313	5	-0.0173397456847221	1
1981	0.270532534595035	5	-0.106668965002972	1
1982	0.766721382783882	5	2.05784665061172	1
1983	1.54463323045267	5	-0.81786695299066	1
1984	0.698375975343321	5	-0.55331504097979	1
1985	0.313684167684168	5	-0.333427743781654	1
1986	0.0985603123728124	5	1.00651049445601	1
1987	0.451316073972324	5	1.55966448854885	1
1988	1.27237601750102	5	-1.49814328932671	1
1989	0.51024144027269	5	-0.192562438377342	1
1990	0.361268518518518	5	0.388077461423245	1
1991	0.0979703398453398	5	1.05461084490541	1
1992	0.307231672262922	5	-0.0207754813213876	1
1993	0.193899089336589	5	0.343412856917729	1
1994	0.105458040801791	5	1.00651049445601	1
1995	0.235408005189255	5	-0.766330866904595	1
1996	0.304300506206756	5	-0.247534260100069	1
1997	0.432549984737485	5	2.57664325741625	1
1998	0.707848939255189	5	-1.2370271129525	1
1999	1.53953468406593	5	-1.14082642236092	1
2000	0.253770413614164	5	-0.484600256095965	1
2001	0.211085202991453	5	-0.0448256616996964	1
2002	0.0273067644032922	5	1.50812840246278	1
2003	0.170085056584362	5	0.556428682842531	1
2004	0.156854539609053	5	0.954974408369953	1
2005	0.16142846967847	5	-0.0379541801191474	1
2006	0.204918663512413	5	0.985896060021589	1
2007	0.150044604700855	5	-1.18549102686644	1
2008	0.503400323056573	5	-0.158205051089037	1
2009	0.169017094017094	5	1.24014075481524	1
2010	1.74235564204314	5	-1.49127180774616	1
2011	0.450429436304436	5	-0.838481387425085	1
2012	0.277396367521367	5	0.477406680741495	1
2013	0.349427642958893	5	0.0238891231841284	1
2014	0.105037024318274	5	0.714472676737391	1
1966	0.214965913715914	6	-0.285327393332258	1
1967	0.129137006512006	6	-0.563622258197004	1
1968	0.0146654202279202	6	0.38464172578658	1
1969	0.957659684065934	6	0.700729723883511	1
1970	0.331780270655271	6	-0.938117813653332	1
1971	0.0639612806847545	6	-0.962167994031641	1
1972	1.56598387260887	6	1.81047343739862	1
1973	0.329870205026455	6	-1.86576736320249	1
1974	0.227963191900692	6	-0.71479478081853	1
1975	0.497451872201872	6	-1.56685806390332	1
1976	0.390679398148148	6	0.803801896055641	1
1977	0.0263097654660155	6	0.724779893954602	1
1978	0.116905234053498	6	-0.329991997837774	1
1979	0.172696047008547	6	0.432742076235979	1
1980	0.00694178622303622	6	-0.0173397456847221	1
1981	0.477129286223036	6	-0.106668965002972	1
1982	0.0289737993487994	6	2.05784665061172	1
1983	0.680675925925926	6	-0.81786695299066	1
1984	0.369920393264143	6	-0.55331504097979	1
1985	0.0287481303418803	6	-0.333427743781654	1
1986	0.162910841473342	6	1.00651049445601	1
1987	0.0761444597069597	6	1.55966448854885	1
1988	0.116930034086284	6	-1.49814328932671	1
1989	0.227873418209877	6	-0.192562438377342	1
1990	0.0230211385836386	6	0.388077461423245	1
1991	8.72761497761498e-05	6	1.05461084490541	1
1992	0.0506309142246642	6	-0.0207754813213876	1
1993	0.0202446708384208	6	0.343412856917729	1
1994	0.000901327838827839	6	1.00651049445601	1
1995	0.127354293854294	6	-0.766330866904595	1
1996	0.0693836233211234	6	-0.247534260100069	1
1997	0.0941493182743182	6	2.57664325741625	1
1998	0.245945881664632	6	-1.2370271129525	1
1999	0.987667073667074	6	-1.14082642236092	1
2000	0.00355693607764391	6	-0.484600256095965	1
2001	0.0237587705761317	6	-0.0448256616996964	1
2002	0.00438156731169372	6	1.50812840246278	1
2003	0.00454881461131461	6	0.556428682842531	1
2004	0.010212795781893	6	0.954974408369953	1
2005	0.0815576414326414	6	-0.0379541801191474	1
2006	0.00272012602880658	6	0.985896060021589	1
2008	0.294180657305657	6	-0.158205051089037	1
2009	0.0420563695563695	6	1.24014075481524	1
2010	0.621753586691086	6	-1.49127180774616	1
2011	0.0436107381687243	6	-0.838481387425085	1
2012	0.0100251958689459	6	0.477406680741495	1
2013	0.0298131868131868	6	0.0238891231841284	1
2014	0.00592548076923077	6	0.714472676737391	1
1970	0.340667048229548	7	-0.938117813653332	1
1971	0.051023427960928	7	-0.962167994031641	1
1972	0.964618360805861	7	1.81047343739862	1
1973	0.255669254577611	7	-1.86576736320249	1
1974	0.178491770960521	7	-0.71479478081853	1
1975	0.560530774176955	7	-1.56685806390332	1
1976	0.386725096662597	7	0.803801896055641	1
1977	0.0163385830026455	7	0.724779893954602	1
1978	0.158542200854701	7	-0.329991997837774	1
1979	0.0508927935490436	7	0.432742076235979	1
1980	0.0106859864672365	7	-0.0173397456847221	1
1981	0.189460164835165	7	-0.106668965002972	1
1982	0.12886644027269	7	2.05784665061172	1
1983	0.520562767094017	7	-0.81786695299066	1
1984	0.253191201159951	7	-0.55331504097979	1
1985	0.0215556445868946	7	-0.333427743781654	1
1986	0.080784327940578	7	1.00651049445601	1
1987	0.152170062576313	7	1.55966448854885	1
1988	0.297763644547325	7	-1.49814328932671	1
1989	0.130949438202247	7	-0.192562438377342	1
1990	0.0347566264753765	7	0.388077461423245	1
1991	0.00383562271062271	7	1.05461084490541	1
1992	0.0289304398148148	7	-0.0207754813213876	1
1993	0.0163740715303215	7	0.343412856917729	1
1994	0.00150794579692052	7	1.00651049445601	1
1995	0.0976181573056574	7	-0.766330866904595	1
1996	0.0608360678673179	7	-0.247534260100069	1
1997	0.0698684027777778	7	2.57664325741625	1
1998	0.150452910424469	7	-1.2370271129525	1
1999	0.917121438746439	7	-1.14082642236092	1
2000	0.0133277694109772	7	-0.484600256095965	1
2001	0.0388949303011803	7	-0.0448256616996964	1
2002	0.000727500508750509	7	1.50812840246278	1
2003	0.00546506155881155	7	0.556428682842531	1
2004	0.00037525871459695	7	0.954974408369953	1
2005	0.00141065069190069	7	-0.0379541801191474	1
2006	0.00269948107448107	7	0.985896060021589	1
2007	0.0789424094424094	7	-1.18549102686644	1
2008	0.201443968621399	7	-0.158205051089037	1
2009	0.0241127518315018	7	1.24014075481524	1
2010	0.71491756969882	7	-1.49127180774616	1
2011	0.14367584961335	7	-0.838481387425085	1
2012	0.0342803215303215	7	0.477406680741495	1
2013	0.0538426816239316	7	0.0238891231841284	1
2014	0.0218682972120472	7	0.714472676737391	1
1954	1.68663208435084	8	-1.24733433016972	1
1955	0.365898491554741	8	-1.92761066650577	1
1956	0.375378294159544	8	-0.862531557496176	1
1957	0.211936914936915	8	1.00651049445601	1
1958	0.201325511294261	8	0.0170176416035831	1
1959	2.44433265923891	8	-0.46398582166154	1
1960	0.158865448209198	8	-0.216612608448433	1
1961	2.46419397385022	8	-0.68387312916689	1
1962	0.268261396011396	8	-0.649515731571371	1
1963	0.268055606430606	8	0.920617021081647	1
1964	0.556279265873016	8	-1.2370271129525	1
1965	0.513304741554742	8	1.63181500906934	1
1966	0.552539962352462	8	-0.285327393332258	1
1967	0.592508864977615	8	-0.563622258197004	1
1968	0.142026264245014	8	0.38464172578658	1
1969	1.42847732244607	8	0.700729723883511	1
1970	0.22057147944648	8	-0.938117813653332	1
1971	0.237782521876272	8	-0.962167994031641	1
1972	3.82248753561254	8	1.81047343739862	1
1973	0.634220734126984	8	-1.86576736320249	1
1974	0.660539873321123	8	-0.71479478081853	1
1975	1.18212610653236	8	-1.56685806390332	1
1976	0.607002149470899	8	0.803801896055641	1
1977	0.117343279405779	8	0.724779893954602	1
1978	0.477976311728395	8	-0.329991997837774	1
1979	0.518785587098087	8	0.432742076235979	1
1980	0.0632039072039072	8	-0.0173397456847221	1
1981	0.292019218050468	8	-0.106668965002972	1
1982	0.393066175722426	8	2.05784665061172	1
1983	1.84073661986162	8	-0.81786695299066	1
1984	1.0997807030932	8	-0.55331504097979	1
1985	0.277653591778592	8	-0.333427743781654	1
1986	0.227726508445258	8	1.00651049445601	1
1987	0.3852216498779	8	1.55966448854885	1
1988	1.27909592490842	8	-1.49814328932671	1
1989	0.492280207061457	8	-0.192562438377342	1
1990	0.411343559218559	8	0.388077461423245	1
1991	0.0294913766788767	8	1.05461084490541	1
1992	0.166365944240944	8	-0.0207754813213876	1
1993	0.221643454924705	8	0.343412856917729	1
1994	0.00568930606430606	8	1.00651049445601	1
1995	0.259677859177859	8	-0.766330866904595	1
1996	0.507338993182743	8	-0.247534260100069	1
1997	0.415201658950617	8	2.57664325741625	1
1998	0.476980031542532	8	-1.2370271129525	1
1999	1.47034261831276	8	-1.14082642236092	1
2000	0.202148656898657	8	-0.484600256095965	1
2001	0.126064248971193	8	-0.0448256616996964	1
2003	0.273982511701262	8	0.556428682842531	1
2004	0.310638297325102	8	0.954974408369953	1
2005	0.229328182234432	8	-0.0379541801191474	1
2006	0.227437283781034	8	0.985896060021589	1
2007	0.102233923483923	8	-1.18549102686644	1
2008	0.515919922669923	8	-0.158205051089037	1
2009	0.0837457646520146	8	1.24014075481524	1
2010	1.61763278388278	8	-1.49127180774616	1
2011	0.481361352767603	8	-0.838481387425085	1
2012	0.147417773199023	8	0.477406680741495	1
2013	0.224622354497354	8	0.0238891231841284	1
2014	0.0498837123524623	8	0.714472676737391	1
1973	0.372527294464794	9	-1.86576736320249	1
1974	0.361929105616606	9	-0.71479478081853	1
1975	0.466306903744404	9	-1.56685806390332	1
1976	0.54797617026749	9	0.803801896055641	1
1977	0.127581597222222	9	0.724779893954602	1
1978	0.324414644383394	9	-0.329991997837774	1
1979	0.20108181980057	9	0.432742076235979	1
1980	0.0812327787952788	9	-0.0173397456847221	1
1981	0.36149317002442	9	-0.106668965002972	1
1982	0.253459897741148	9	2.05784665061172	1
1983	1.23020300417175	9	-0.81786695299066	1
1984	0.743287672975173	9	-0.55331504097979	1
1985	0.289551765364265	9	-0.333427743781654	1
1986	0.197020757020757	9	1.00651049445601	1
1987	0.458462676862255	9	1.55966448854885	1
1988	0.713905817562068	9	-1.49814328932671	1
1989	0.498918274176955	9	-0.192562438377342	1
1990	0.239268302299552	9	0.388077461423245	1
1991	0.0413545863858364	9	1.05461084490541	1
1992	0.187625	9	-0.0207754813213876	1
1993	0.230849053724054	9	0.343412856917729	1
1994	0.0448549552299552	9	1.00651049445601	1
1995	0.163653922466423	9	-0.766330866904595	1
1996	0.204246260683761	9	-0.247534260100069	1
1997	0.378362828144078	9	2.57664325741625	1
1998	0.612535230972731	9	-1.2370271129525	1
1999	1.27754361263736	9	-1.14082642236092	1
2000	0.426146720679012	9	-0.484600256095965	1
2001	0.190464699074074	9	-0.0448256616996964	1
2002	0.0376873346560846	9	1.50812840246278	1
2003	0.141463344525845	9	0.556428682842531	1
2004	0.472812741656492	9	0.954974408369953	1
2005	0.138634027777778	9	-0.0379541801191474	1
2006	0.316298636548637	9	0.985896060021589	1
2007	0.252179932336182	9	-1.18549102686644	1
2008	0.533230298636549	9	-0.158205051089037	1
2009	0.141699557387057	9	1.24014075481524	1
2010	1.49527941849817	9	-1.49127180774616	1
2011	0.377402141839642	9	-0.838481387425085	1
2012	0.170622964997965	9	0.477406680741495	1
2013	0.202223494098494	9	0.0238891231841284	1
2014	0.0872623499185999	9	0.714472676737391	1
1970	0.264154202279202	10	-0.938117813653332	1
1971	0.0236942027879528	10	-0.962167994031641	1
1972	1.54100986975987	10	1.81047343739862	1
1973	0.317270680708181	10	-1.86576736320249	1
1974	0.374257758445258	10	-0.71479478081853	1
1975	0.502835520960521	10	-1.56685806390332	1
1976	0.14283491045991	10	0.803801896055641	1
1977	0.0952914758852259	10	0.724779893954602	1
1978	0.11854490995116	10	-0.329991997837774	1
1979	0.117477411477411	10	0.432742076235979	1
1980	0.0260102004477004	10	-0.0173397456847221	1
1981	0.100483122201872	10	-0.106668965002972	1
1982	0.373319686100936	10	2.05784665061172	1
1983	0.602981176231176	10	-0.81786695299066	1
1984	0.791339629120879	10	-0.55331504097979	1
1985	0.166294719169719	10	-0.333427743781654	1
1986	0.0050291514041514	10	1.00651049445601	1
1987	0.263694304538055	10	1.55966448854885	1
1989	0.166906542531542	10	-0.192562438377342	1
1990	0.0449306064306064	10	0.388077461423245	1
1991	0.0263591015466015	10	1.05461084490541	1
1992	0.0541911884411884	10	-0.0207754813213876	1
1993	0.170933112026862	10	0.343412856917729	1
1994	0.0379963497150997	10	1.00651049445601	1
1995	0.0596292438271605	10	-0.766330866904595	1
1996	0.0763486848799349	10	-0.247534260100069	1
1997	0.251142195767196	10	2.57664325741625	1
1998	0.471594106125356	10	-1.2370271129525	1
1999	0.83489155982906	10	-1.14082642236092	1
2000	0.678889842796092	10	-0.484600256095965	1
2001	0.0527161779835391	10	-0.0448256616996964	1
2002	0.0101644536019536	10	1.50812840246278	1
2003	0.0770027619949495	10	0.556428682842531	1
2004	0.492304513888888	10	0.954974408369953	1
2005	0.18103097018722	10	-0.0379541801191474	1
2006	0.185393912800163	10	0.985896060021589	1
2007	0.265574531949532	10	-1.18549102686644	1
2008	0.730027269027269	10	-0.158205051089037	1
2009	0.122533971815222	10	1.24014075481524	1
2010	1.23025099206349	10	-1.49127180774616	1
2011	0.162113858363858	10	-0.838481387425085	1
2012	0.0659522028897029	10	0.477406680741495	1
2013	0.1621896494709	10	0.0238891231841284	1
2014	0.0417095670533171	10	0.714472676737391	1
1970	0.469668004115226	11	-0.938117813653332	1
1971	0.0382310617623118	11	-0.962167994031641	1
1972	2.60751236263736	11	1.81047343739862	1
1973	0.388268276862027	11	-1.86576736320249	1
1974	0.283460660866911	11	-0.71479478081853	1
1975	0.602536235754986	11	-1.56685806390332	1
1976	0.190010136853887	11	0.803801896055641	1
1977	0.122860335266585	11	0.724779893954602	1
1978	0.145639817358567	11	-0.329991997837774	1
1979	0.132488807488807	11	0.432742076235979	1
1980	0.0116834555763629	11	-0.0173397456847221	1
1981	0.245671487077737	11	-0.106668965002972	1
1982	0.49578587962963	11	2.05784665061172	1
1983	1.178665254884	11	-0.81786695299066	1
1985	0.225786591880342	11	-0.333427743781654	1
1986	0.0181446109030379	11	1.00651049445601	1
1987	0.338586818274318	11	1.55966448854885	1
1988	0.52375682997558	11	-1.49814328932671	1
1989	0.271279571123321	11	-0.192562438377342	1
1990	0.079534506003256	11	0.388077461423245	1
1991	0.0231350732600733	11	1.05461084490541	1
1992	0.04834913003663	11	-0.0207754813213876	1
1993	0.273515160765161	11	0.343412856917729	1
1994	0.0230691391941392	11	1.00651049445601	1
1995	0.108781440781441	11	-0.766330866904595	1
1996	0.0882986111111111	11	-0.247534260100069	1
1997	0.468177464896215	11	2.57664325741625	1
1998	0.767879057285307	11	-1.2370271129525	1
1999	1.1436096484534	11	-1.14082642236092	1
2000	0.949290191290192	11	-0.484600256095965	1
2001	0.0481376028806584	11	-0.0448256616996964	1
2002	0.00950903032153032	11	1.50812840246278	1
2003	0.0878636803011803	11	0.556428682842531	1
2004	1.05281009516461	11	0.954974408369953	1
2005	0.24995496399177	11	-0.0379541801191474	1
2006	0.213276849308099	11	0.985896060021589	1
2007	0.278733307613169	11	-1.18549102686644	1
2008	0.954030982905983	11	-0.158205051089037	1
2009	0.182133216320716	11	1.24014075481524	1
2010	1.657782000407	11	-1.49127180774616	1
2011	0.169795164326414	11	-0.838481387425085	1
2012	0.0557083206145706	11	0.477406680741495	1
2013	0.091996565934066	11	0.0238891231841284	1
2014	0.168267615486365	11	0.714472676737391	1
1971	0.409487891737892	12	-0.962167994031641	1
1972	2.74072854344729	12	1.81047343739862	1
1973	0.505202787952788	12	-1.86576736320249	1
1975	1.88521055911681	12	-1.56685806390332	1
1976	0.520851025132275	12	0.803801896055641	1
1977	0.359382504070004	12	0.724779893954602	1
1978	0.389875038156288	12	-0.329991997837774	1
1979	0.490378497659748	12	0.432742076235979	1
1980	0.0413335113960114	12	-0.0173397456847221	1
1981	0.429592249185999	12	-0.106668965002972	1
1982	0.528592427248677	12	2.05784665061172	1
1983	1.67136167073667	12	-0.81786695299066	1
1984	0.668474002849002	12	-0.55331504097979	1
1985	0.545773402523403	12	-0.333427743781654	1
1986	0.201812741656492	12	1.00651049445601	1
1987	0.222222794566545	12	1.55966448854885	1
1988	0.266732575295075	12	-1.49814328932671	1
1989	0.708584490740741	12	-0.192562438377342	1
1990	0.597168103886854	12	0.388077461423245	1
1991	0.0898658552096052	12	1.05461084490541	1
1992	0.225985284391534	12	-0.0207754813213876	1
1993	0.12120971967847	12	0.343412856917729	1
1994	0.00622820004070004	12	1.00651049445601	1
1995	0.420806751119251	12	-0.766330866904595	1
1996	0.294588013838014	12	-0.247534260100069	1
1997	0.769974295380545	12	2.57664325741625	1
1998	0.910106430606431	12	-1.2370271129525	1
1999	0.544156288156288	12	-1.14082642236092	1
2000	1.28647732244607	12	-0.484600256095965	1
2001	0.892783819190069	12	-0.0448256616996964	1
2002	0.0445811965811966	12	1.50812840246278	1
2003	0.241284620472121	12	0.556428682842531	1
2004	0.264730311355311	12	0.954974408369953	1
2005	0.195721141127391	12	-0.0379541801191474	1
2006	0.512706298331298	12	0.985896060021589	1
2007	0.56895129985755	12	-1.18549102686644	1
2008	0.601427833740334	12	-0.158205051089037	1
2009	0.296648275335775	12	1.24014075481524	1
2010	4.11097912851038	12	-1.49127180774616	1
2011	2.80775317969068	12	-0.838481387425085	1
2012	0.274257758445258	12	0.477406680741495	1
2013	0.267661528286528	12	0.0238891231841284	1
2014	0.079705318986569	12	0.714472676737391	1
1954	1.62688610347985	13	-1.24733433016972	1
1955	0.781550506206756	13	-1.92761066650577	1
1956	0.222040127696378	13	-0.862531557496176	1
1957	0.054889562983313	13	1.00651049445601	1
1958	0.282022054334554	13	0.0170176416035831	1
1959	3.45401891280016	13	-0.46398582166154	1
1960	0.155649534493285	13	-0.216612608448433	1
1961	0.656180377492877	13	-0.68387312916689	1
1962	0.290079225172975	13	-0.649515731571371	1
1963	0.450889702889703	13	0.920617021081647	1
1964	0.296098608567359	13	-1.2370271129525	1
1965	0.0834358338420839	13	1.63181500906934	1
1966	0.479970695970696	13	-0.285327393332258	1
1967	0.682638736263737	13	-0.563622258197004	1
1968	0.228648440679691	13	0.38464172578658	1
1969	0.84351786986162	13	0.700729723883511	1
1970	0.609009386446886	13	-0.938117813653332	1
1971	0.941158463064713	13	-0.962167994031641	1
1972	3.98535014753765	13	1.81047343739862	1
1973	0.238905944749695	13	-1.86576736320249	1
1974	0.534782407407407	13	-0.71479478081853	1
1975	2.08812355006105	13	-1.56685806390332	1
1976	0.362989507020757	13	0.803801896055641	1
1977	0.218442587505087	13	0.724779893954602	1
1978	0.380064064407814	13	-0.329991997837774	1
1979	0.0982870497557998	13	0.432742076235979	1
1980	0.118916297822548	13	-0.0173397456847221	1
1981	0.194462466931217	13	-0.106668965002972	1
1982	0.28506436965812	13	2.05784665061172	1
1983	1.63345156695157	13	-0.81786695299066	1
1984	1.03342212301587	13	-0.55331504097979	1
1985	0.939449035917786	13	-0.333427743781654	1
1987	0.173112026862027	13	1.55966448854885	1
1988	0.955420851139601	13	-1.49814328932671	1
1989	0.451269548738299	13	-0.192562438377342	1
1990	0.48722847985348	13	0.388077461423245	1
1991	0.0227580764143264	13	1.05461084490541	1
1992	0.0629023326210826	13	-0.0207754813213876	1
1993	0.237167747761498	13	0.343412856917729	1
1994	0.0116074099511599	13	1.00651049445601	1
1995	0.955347845441595	13	-0.766330866904595	1
1996	0.755816684472935	13	-0.247534260100069	1
1997	0.536938848188848	13	2.57664325741625	1
1999	1.15236187423687	13	-1.14082642236092	1
2000	0.262965036121286	13	-0.484600256095965	1
2001	0.245831361925112	13	-0.0448256616996964	1
2002	0.0912368106430606	13	1.50812840246278	1
2003	0.0867426358363858	13	0.556428682842531	1
2004	0.178810503154253	13	0.954974408369953	1
2005	0.416843724562474	13	-0.0379541801191474	1
2006	0.0792675264550264	13	0.985896060021589	1
2007	0.461163652319902	13	-1.18549102686644	1
2008	0.400943643162393	13	-0.158205051089037	1
2009	0.392591257122507	13	1.24014075481524	1
2010	1.98330930759056	13	-1.49127180774616	1
2011	4.47650899216524	13	-0.838481387425085	1
2012	0.168615155677656	13	0.477406680741495	1
2013	0.132983809015059	13	0.0238891231841284	1
2014	0.137527192714693	13	0.714472676737391	1
1960	0.724197675010175	14	-0.216612608448433	1
1961	5.84374562474563	14	-0.68387312916689	1
1962	2.30399875356125	14	-0.649515731571371	1
1963	1.33809614112739	14	0.920617021081647	1
1964	1.83731107549858	14	-1.2370271129525	1
1965	0.0757329187016687	14	1.63181500906934	1
1966	1.7488282967033	14	-0.285327393332258	1
1967	1.4573306496744	14	-0.563622258197004	1
1968	1.06001537698413	14	0.38464172578658	1
1969	1.67964214489214	14	0.700729723883511	1
1970	1.19198062932438	14	-0.938117813653332	1
1971	2.28190931522182	14	-0.962167994031641	1
1972	1.57856910103785	14	1.81047343739862	1
1973	0.506145566239316	14	-1.86576736320249	1
1974	0.72890204008954	14	-0.71479478081853	1
1975	1.758249249593	14	-1.56685806390332	1
1976	1.08298305860806	14	0.803801896055641	1
1977	0.523162456756206	14	0.724779893954602	1
1978	1.14116661579162	14	-0.329991997837774	1
1979	1.163754502442	14	0.432742076235979	1
1980	0.0243774674399674	14	-0.0173397456847221	1
1981	0.50070364010989	14	-0.106668965002972	1
1982	0.0743184142246643	14	2.05784665061172	1
1983	1.67474257224257	14	-0.81786695299066	1
1984	10.0058999287749	14	-0.55331504097979	1
1985	2.23276981583231	14	-0.333427743781654	1
1986	1.89086156898657	14	1.00651049445601	1
1987	0.662211881868132	14	1.55966448854885	1
1988	1.18157753357753	14	-1.49814328932671	1
1989	0.182986683455433	14	-0.192562438377342	1
1990	1.99970202482702	14	0.388077461423245	1
1991	0.0562627950752951	14	1.05461084490541	1
1992	0.455162685693936	14	-0.0207754813213876	1
1993	0.321837644993895	14	0.343412856917729	1
1994	0.151520884208384	14	1.00651049445601	1
1995	0.963114456145706	14	-0.766330866904595	1
1996	2.99161290445665	14	-0.247534260100069	1
1997	1.44442605311355	14	2.57664325741625	1
1998	7.39318130596255	14	-1.2370271129525	1
1999	2.47674222883598	14	-1.14082642236092	1
2000	4.31933877696377	14	-0.484600256095965	1
2001	0.903450460419211	14	-0.0448256616996964	1
2002	0.0645719373219373	14	1.50812840246278	1
2003	0.106589667277167	14	0.556428682842531	1
2004	0.53062859940985	14	0.954974408369953	1
2005	1.63385290750916	14	-0.0379541801191474	1
2006	0.382583905677655	14	0.985896060021589	1
2007	0.543109546703297	14	-1.18549102686644	1
2008	1.04669233312983	14	-0.158205051089037	1
2009	0.183236861518111	14	1.24014075481524	1
2010	3.58993841575092	14	-1.49127180774616	1
2011	6.7377178978429	14	-0.838481387425085	1
2012	0.142118220899471	14	0.477406680741495	1
2013	0.0904214997964998	14	0.0238891231841284	1
2014	0.0881065196377696	14	0.714472676737391	1
1951	0.810136294261294	15	0.731651375535151	1
1952	1.53939692714693	15	-0.347170696635534	1
1953	0.571100414631664	15	0.415563377438219	1
1954	5.31344248575499	15	-1.24733433016972	1
1955	1.52853908475784	15	-1.92761066650577	1
1956	1.17492377645503	15	-0.862531557496176	1
1957	0.373862293956044	15	1.00651049445601	1
1958	0.645838865995116	15	0.0170176416035831	1
1959	5.76257086894587	15	-0.46398582166154	1
1960	0.933512985856736	15	-0.216612608448433	1
1961	1.29585197903948	15	-0.68387312916689	1
1962	1.01566196072446	15	-0.649515731571371	1
1963	3.45965076821327	15	0.920617021081647	1
1964	0.868363273300773	15	-1.2370271129525	1
1965	0.261372761497761	15	1.63181500906934	1
1966	0.532325358669108	15	-0.285327393332258	1
1967	3.96807843660969	15	-0.563622258197004	1
1968	0.823303507834758	15	0.38464172578658	1
1969	1.7274812016687	15	0.700729723883511	1
1970	0.606727386039886	15	-0.938117813653332	1
1971	0.826455878612128	15	-0.962167994031641	1
1972	4.10989066951567	15	1.81047343739862	1
1973	1.19052866809117	15	-1.86576736320249	1
1974	0.964922657203907	15	-0.71479478081853	1
1975	2.56956758750509	15	-1.56685806390332	1
1976	1.24762508903134	15	0.803801896055641	1
1977	0.953784188034188	15	0.724779893954602	1
1978	1.66390738196988	15	-0.329991997837774	1
1979	0.831252327533577	15	0.432742076235979	1
1980	0.217171016483516	15	-0.0173397456847221	1
1981	0.55885292022792	15	-0.106668965002972	1
1982	1.33054197191697	15	2.05784665061172	1
1983	1.02106603581604	15	-0.81786695299066	1
1984	3.79439602411477	15	-0.55331504097979	1
1985	2.77659250356125	15	-0.333427743781654	1
1986	0.715155855718356	15	1.00651049445601	1
1987	0.981233033170533	15	1.55966448854885	1
1988	0.819287075193325	15	-1.49814328932671	1
1989	1.00053400997151	15	-0.192562438377342	1
1990	2.0873952991453	15	0.388077461423245	1
1991	0.210371896621897	15	1.05461084490541	1
1992	0.398572725885226	15	-0.0207754813213876	1
1993	0.398125763125763	15	0.343412856917729	1
1994	0.119552045177045	15	1.00651049445601	1
1995	1.12208053520553	15	-0.766330866904595	1
1996	1.47145749389499	15	-0.247534260100069	1
1997	0.666786680911681	15	2.57664325741625	1
1998	1.76425606684982	15	-1.2370271129525	1
1999	2.25516980820106	15	-1.14082642236092	1
2000	1.90858067511193	15	-0.484600256095965	1
2001	0.542487713675214	15	-0.0448256616996964	1
2002	0.134780245217745	15	1.50812840246278	1
2003	0.354168205636956	15	0.556428682842531	1
2004	0.694267424704925	15	0.954974408369953	1
2005	0.87066748066748	15	-0.0379541801191474	1
2006	1.06407740638991	15	0.985896060021589	1
2008	1.73956383547009	15	-0.158205051089037	1
2009	1.01345224104599	15	1.24014075481524	1
2010	4.20861998880749	15	-1.49127180774616	1
2011	2.70748227004477	15	-0.838481387425085	1
2012	0.667580318986569	15	0.477406680741495	1
2013	0.396893823768824	15	0.0238891231841284	1
2014	0.247029316748067	15	0.714472676737391	1
1951	0.874843673687424	16	0.731651375535151	1
1952	1.93615411324786	16	-0.347170696635534	1
1953	0.822112700956451	16	0.415563377438219	1
1954	5.84620052401302	16	-1.24733433016972	1
1955	2.85650979344729	16	-1.92761066650577	1
1956	1.68983760683761	16	-0.862531557496176	1
1957	0.29087934981685	16	1.00651049445601	1
1958	2.07390897181522	16	0.0170176416035831	1
1959	2.61661838624339	16	-0.46398582166154	1
1960	1.23993613909239	16	-0.216612608448433	1
1962	1.52188651048026	16	-0.649515731571371	1
1963	1.72035648148148	16	0.920617021081647	1
1964	1.42046319190069	16	-1.2370271129525	1
1966	1.11142771927147	16	-0.285327393332258	1
1967	1.13253133903134	16	-0.563622258197004	1
1968	1.98009530168905	16	0.38464172578658	1
1969	2.95763751526252	16	0.700729723883511	1
1970	1.31872667378917	16	-0.938117813653332	1
1971	0.900406288156288	16	-0.962167994031641	1
1972	1.58205568274318	16	1.81047343739862	1
1973	2.93485144485144	16	-1.86576736320249	1
1974	1.40688619251119	16	-0.71479478081853	1
1975	1.49090053927554	16	-1.56685806390332	1
1976	1.39421405677656	16	0.803801896055641	1
1977	0.732558608058608	16	0.724779893954602	1
1978	2.15884958791209	16	-0.329991997837774	1
1979	1.65509797262922	16	0.432742076235979	1
1980	0.187851737382987	16	-0.0173397456847221	1
1981	1.2979573539886	16	-0.106668965002972	1
1982	0.290583651302401	16	2.05784665061172	1
1983	1.45576152319902	16	-0.81786695299066	1
1984	2.65780851902727	16	-0.55331504097979	1
1985	2.81480508496134	16	-0.333427743781654	1
1986	1.28061455789581	16	1.00651049445601	1
1987	1.10394753510379	16	1.55966448854885	1
1988	1.86771192002442	16	-1.49814328932671	1
1989	1.1236080458893	16	-0.192562438377342	1
1990	2.23167759208384	16	0.388077461423245	1
1992	0.742512922262922	16	-0.0207754813213876	1
1993	1.38318680046805	16	0.343412856917729	1
1994	0.129225656288156	16	1.00651049445601	1
1995	0.831239672364672	16	-0.766330866904595	1
1996	1.904085495523	16	-0.247534260100069	1
1997	0.485412087912088	16	2.57664325741625	1
1998	3.16090519434269	16	-1.2370271129525	1
1999	2.66685033831909	16	-1.14082642236092	1
2000	3.3042434498372	16	-0.484600256095965	1
2001	1.5737168120155	16	-0.0448256616996964	1
2003	0.342991389397639	16	0.556428682842531	1
2004	1.04529719932845	16	0.954974408369953	1
2005	1.23703579059829	16	-0.0379541801191474	1
2006	0.128710699023199	16	0.985896060021589	1
2007	0.61864590964591	16	-1.18549102686644	1
2008	1.92563534035409	16	-0.158205051089037	1
2009	0.550985767704518	16	1.24014075481524	1
2010	2.50676542785918	16	-1.49127180774616	1
2011	1.21910144485145	16	-0.838481387425085	1
2012	0.388542913105413	16	0.477406680741495	1
2013	0.239185274216524	16	0.0238891231841284	1
2014	0.274869836182336	16	0.714472676737391	1
1951	1.25097733516484	17	0.731651375535151	1
1952	1.7243427960928	17	-0.347170696635534	1
1953	0.549345581501831	17	0.415563377438219	1
1954	1.66010716829467	17	-1.24733433016972	1
1955	5.86606557794058	17	-1.92761066650577	1
1956	5.08737179487179	17	-0.862531557496176	1
1957	0.357649763431013	17	1.00651049445601	1
1958	2.97291059981685	17	0.0170176416035831	1
1959	1.45888254222629	17	-0.46398582166154	1
1960	0.591768213268213	17	-0.216612608448433	1
1961	0.891367343304844	17	-0.68387312916689	1
1962	0.613672021265771	17	-0.649515731571371	1
1963	2.86389223392348	17	0.920617021081647	1
1964	1.56550104293854	17	-1.2370271129525	1
1965	0.368273453398454	17	1.63181500906934	1
1966	2.42872934472935	17	-0.285327393332258	1
1967	0.323037304131054	17	-0.563622258197004	1
1968	0.560148516992267	17	0.38464172578658	1
1969	9.90067108007733	17	0.700729723883511	1
1970	1.31263578551078	17	-0.938117813653332	1
1971	0.714685795685796	17	-0.962167994031641	1
1972	2.65399523046398	17	1.81047343739862	1
1973	17.1223369454619	17	-1.86576736320249	1
1974	0.756456908831909	17	-0.71479478081853	1
1975	1.26623631461131	17	-1.56685806390332	1
1976	1.221310999186	17	0.803801896055641	1
1978	2.23581397537647	17	-0.329991997837774	1
1979	0.397312092999593	17	0.432742076235979	1
1980	0.0730051765364265	17	-0.0173397456847221	1
1981	2.19380654761905	17	-0.106668965002972	1
1982	0.144652192714693	17	2.05784665061172	1
1983	1.6052968050468	17	-0.81786695299066	1
1985	2.50752566646317	17	-0.333427743781654	1
1986	1.23800048331298	17	1.00651049445601	1
1987	0.899737408424909	17	1.55966448854885	1
1988	1.19287690781441	17	-1.49814328932671	1
1989	2.28601325295075	17	-0.192562438377342	1
1990	4.29432144129019	17	0.388077461423245	1
1991	0.325131308506309	17	1.05461084490541	1
1992	0.772246044464794	17	-0.0207754813213876	1
1993	1.41155269383394	17	0.343412856917729	1
1994	0.0515709706959707	17	1.00651049445601	1
1995	0.233835877085877	17	-0.766330866904595	1
1996	5.87745614570615	17	-0.247534260100069	1
1997	0.996803138990639	17	2.57664325741625	1
2000	2.50270027049521	17	-0.484600256095965	1
2001	0.210913983007733	17	-0.0448256616996964	1
2002	0.0416237154049654	17	1.50812840246278	1
2003	0.197398962148962	17	0.556428682842531	1
2004	0.111482511701262	17	0.954974408369953	1
2005	0.0925969678469678	17	-0.0379541801191474	1
2006	0.00525437525437525	17	0.985896060021589	1
2007	0.328767933455433	17	-1.18549102686644	1
2008	2.78245978327228	17	-0.158205051089037	1
2009	0.161540509259259	17	1.24014075481524	1
2010	4.3835173992674	17	-1.49127180774616	1
2011	4.2199219067969	17	-0.838481387425085	1
2012	0.683098608567359	17	0.477406680741495	1
2013	0.429527421652422	17	0.0238891231841284	1
2014	0.17649027014652	17	0.714472676737391	1
1951	0.206341918498168	18	0.731651375535151	1
1952	0.707088446275946	18	-0.347170696635534	1
1953	0.232961703805454	18	0.415563377438219	1
1954	5.1037609508547	18	-1.24733433016972	1
1955	0.502355425824176	18	-1.92761066650577	1
1956	0.4129193503256	18	-0.862531557496176	1
1957	0.340073107448107	18	1.00651049445601	1
1958	0.811646164021164	18	0.0170176416035831	1
1959	10.1001086691087	18	-0.46398582166154	1
1960	0.412014384920635	18	-0.216612608448433	1
1961	1.21376452482703	18	-0.68387312916689	1
1962	1.25644856532356	18	-0.649515731571371	1
1963	4.05919212962963	18	0.920617021081647	1
1964	0.170390326109076	18	-1.2370271129525	1
1965	0.216654456654457	18	1.63181500906934	1
1966	0.707483109483109	18	-0.285327393332258	1
1967	9.01691492419618	18	-0.563622258197004	1
1968	0.188236174704925	18	0.38464172578658	1
1969	3.06298125254375	18	0.700729723883511	1
1970	0.50307546041921	18	-0.938117813653332	1
1971	0.574623346560846	18	-0.962167994031641	1
1972	4.08606658272283	18	1.81047343739862	1
1973	1.546600503663	18	-1.86576736320249	1
1974	0.261121260683761	18	-0.71479478081853	1
1975	2.18185210622711	18	-1.56685806390332	1
1976	0.741200625763126	18	0.803801896055641	1
1977	0.290963738807489	18	0.724779893954602	1
1978	2.34666922313797	18	-0.329991997837774	1
1979	0.200359572140822	18	0.432742076235979	1
1980	0.0255318859381359	18	-0.0173397456847221	1
1981	0.59838721001221	18	-0.106668965002972	1
1982	4.16958314255189	18	2.05784665061172	1
1983	0.882661172161172	18	-0.81786695299066	1
1984	4.69602608618234	18	-0.55331504097979	1
1985	4.53788952482703	18	-0.333427743781654	1
1986	1.50451089997965	18	1.00651049445601	1
1987	3.10412494912495	18	1.55966448854885	1
1988	1.72698019688645	18	-1.49814328932671	1
1989	0.547376253858025	18	-0.192562438377342	1
1990	2.77846333946899	18	0.388077461423245	1
1991	0.0114888583638584	18	1.05461084490541	1
1992	0.238625951646091	18	-0.0207754813213876	1
1993	0.687687461843712	18	0.343412856917729	1
1994	0.0490512057387057	18	1.00651049445601	1
1995	0.911685452279202	18	-0.766330866904595	1
1996	1.21433408374033	18	-0.247534260100069	1
1997	1.14870188492063	18	2.57664325741625	1
1998	2.24682275132275	18	-1.2370271129525	1
1999	2.82759930809931	18	-1.14082642236092	1
2000	0.580247468966219	18	-0.484600256095965	1
2001	0.647065056471306	18	-0.0448256616996964	1
2002	0.0821872074684575	18	1.50812840246278	1
2003	0.877241389397639	18	0.556428682842531	1
2004	2.37296058455433	18	0.954974408369953	1
2005	1.10855652218152	18	-0.0379541801191474	1
2006	3.6256659035409	18	0.985896060021589	1
2007	1.01842080026455	18	-1.18549102686644	1
2008	3.23108993437118	18	-0.158205051089037	1
2009	0.599727106227107	18	1.24014075481524	1
2010	3.41506953347578	18	-1.49127180774616	1
2011	2.85907852564102	18	-0.838481387425085	1
2012	0.167054258241758	18	0.477406680741495	1
2013	0.980626233719983	18	0.0238891231841284	1
2014	0.345069012006512	18	0.714472676737391	1
1970	0.165419267582189	19	-0.938117813653332	1
1971	0.140348366910867	19	-0.962167994031641	1
1972	0.505049603174603	19	1.81047343739862	1
1973	0.293371235246235	19	-1.86576736320249	1
1974	1.12643658424908	19	-0.71479478081853	1
1975	0.709576016389953	19	-1.56685806390332	1
1976	1.50217236467236	19	0.803801896055641	1
1977	0.202712148962149	19	0.724779893954602	1
1978	0.731793345543345	19	-0.329991997837774	1
1979	0.269874084249084	19	0.432742076235979	1
1980	2.80518323449854	19	-0.0173397456847221	1
1981	3.23686240842491	19	-0.106668965002972	1
1982	3.55682107244607	19	2.05784665061172	1
1983	2.44523237179487	19	-0.81786695299066	1
1984	1.25591420534459	19	-0.55331504097979	1
1985	1.8926917989418	19	-0.333427743781654	1
1986	2.01302668396418	19	1.00651049445601	1
1987	2.41770108363858	19	1.55966448854885	1
1988	0.319352967425257	19	-1.49814328932671	1
1990	0.847406771469271	19	0.388077461423245	1
1991	0.184641343150379	19	1.05461084490541	1
1992	0.196617647058824	19	-0.0207754813213876	1
1993	0.432704644892145	19	0.343412856917729	1
1994	3.85857982295482	19	1.00651049445601	1
1995	1.03882427757428	19	-0.766330866904595	1
1996	1.46010950854701	19	-0.247534260100069	1
1997	0.431523453398453	19	2.57664325741625	1
1998	0.715409083652618	19	-1.2370271129525	1
1999	1.24107015669516	19	-1.14082642236092	1
2000	0.458451109076109	19	-0.484600256095965	1
2001	0.368317943630444	19	-0.0448256616996964	1
2002	0.0504227359981933	19	1.50812840246278	1
2003	0.480327380952381	19	0.556428682842531	1
2004	0.89110119047619	19	0.954974408369953	1
2006	4.23436660561661	19	0.985896060021589	1
2009	0.101715043695381	19	1.24014075481524	1
2010	1.15286604599105	19	-1.49127180774616	1
2011	0.560637082824583	19	-0.838481387425085	1
2012	0.112609488080034	19	0.477406680741495	1
2013	0.354924068986569	19	0.0238891231841284	1
2014	0.659949180502342	19	0.714472676737391	1
1970	4.06411172161172	20	-0.938117813653332	1
1971	2.03460775335775	20	-0.962167994031641	1
1972	3.63549221611722	20	1.81047343739862	1
1973	6.05421709656085	20	-1.86576736320249	1
1974	5.94424603174603	20	-0.71479478081853	1
1975	7.73065756003256	20	-1.56685806390332	1
1976	7.90272016178266	20	0.803801896055641	1
1977	1.77948336385836	20	0.724779893954602	1
1978	6.38287482193732	20	-0.329991997837774	1
1979	0.68125903032153	20	0.432742076235979	1
1981	5.78686800468051	20	-0.106668965002972	1
1982	0.766914173789174	20	2.05784665061172	1
1983	3.63308608058608	20	-0.81786695299066	1
1984	9.69273148148148	20	-0.55331504097979	1
1985	8.56924704924705	20	-0.333427743781654	1
1986	10.9688124491249	20	1.00651049445601	1
1988	4.73295914733415	20	-1.49814328932671	1
1989	2.12989532458282	20	-0.192562438377342	1
1990	6.09542556980057	20	0.388077461423245	1
1991	2.74976025132275	20	1.05461084490541	1
1992	2.30514588420838	20	-0.0207754813213876	1
1993	1.78533412189662	20	0.343412856917729	1
1994	0.142665471102971	20	1.00651049445601	1
1995	3.94153439153439	20	-0.766330866904595	1
1996	6.21134844322344	20	-0.247534260100069	1
1998	2.95636472323972	20	-1.2370271129525	1
1999	9.07218571937322	20	-1.14082642236092	1
2000	5.11972044159544	20	-0.484600256095965	1
2001	1.56417925824176	20	-0.0448256616996964	1
2002	0.225090557590558	20	1.50812840246278	1
2003	1.24840919232486	20	0.556428682842531	1
2004	1.82023160866911	20	0.954974408369953	1
2005	2.01517933312526	20	-0.0379541801191474	1
2006	0.20051917989418	20	0.985896060021589	1
2007	1.5722661019536	20	-1.18549102686644	1
2008	3.01265873015873	20	-0.158205051089037	1
2009	0.891851597476597	20	1.24014075481524	1
2010	4.80037316849817	20	-1.49127180774616	1
2011	3.47410981379731	20	-0.838481387425085	1
2012	1.27629018414482	20	0.477406680741495	1
2013	0.889809218559219	20	0.0238891231841284	1
2014	2.14894446988197	20	0.714472676737391	1
1977	5.97233465608466	21	0.724779893954602	1
1978	39.4147457519332	21	-0.329991997837774	1
1979	5.29792264448515	21	0.432742076235979	1
1980	0.875789326414326	21	-0.0173397456847221	1
1981	4.70475122100122	21	-0.106668965002972	1
1982	1.10703907203907	21	2.05784665061172	1
1983	34.4868493080993	21	-0.81786695299066	1
1984	25.9941642501018	21	-0.55331504097979	1
1985	71.3181265262515	21	-0.333427743781654	1
1986	24.1046718559219	21	1.00651049445601	1
1987	11.8995393264143	21	1.55966448854885	1
1988	17.6829312932438	21	-1.49814328932671	1
1989	12.1251089997965	21	-0.192562438377342	1
1990	24.0102761243386	21	0.388077461423245	1
1991	5.45912304131054	21	1.05461084490541	1
1992	16.0786883140008	21	-0.0207754813213876	1
1993	14.1850299232159	21	0.343412856917729	1
1994	1.51689140720391	21	1.00651049445601	1
1995	11.7472276912902	21	-0.766330866904595	1
1996	22.1228245828246	21	-0.247534260100069	1
1997	9.3129560948311	21	2.57664325741625	1
1998	14.7789271723647	21	-1.2370271129525	1
1999	36.5315869200244	21	-1.14082642236092	1
2000	12.1591500050875	21	-0.484600256095965	1
2001	12.3994948107448	21	-0.0448256616996964	1
2002	0.611086818274318	21	1.50812840246278	1
2003	3.13197535103785	21	0.556428682842531	1
2004	3.34902647732002	21	0.954974408369953	1
2005	9.04742521367521	21	-0.0379541801191474	1
2006	1.3539866961742	21	0.985896060021589	1
2007	3.46125228937729	21	-1.18549102686644	1
2008	1.46556814713065	21	-0.158205051089037	1
2009	0.772693706756207	21	1.24014075481524	1
2010	5.76268365893366	21	-1.49127180774616	1
2011	7.06197636853887	21	-0.838481387425085	1
2012	11.1034079924705	21	0.477406680741495	1
2013	16.8810891203704	21	0.0238891231841284	1
2014	7.81221738909239	21	0.714472676737391	1
